XII Vorwort.

11111111111 111 111 1111111111 11111111111111 111 1111111111 111
11111111 111 111111111111111111111 quelle 111111111 111 111 111
11111111 111111 111111 1111 111 1111111111 111111111111 1111111-
11111111111111 1111111. 1111111111 11111 111 11111111111 1111111111
1111 1111111, 1111 111 111111111111111111111111111111111111111111
· 1111111111111111 1111111, 111111 1111 1111 111111111111 11111111111
11111, ob 111 im Marmor 11111111111 1111111111 1111111111, 11 111
11111111111111 quelle 1111111 11111111, 1111111 1111 1111111111
11111111, vom 11111111111111111111111111111. 11111111. 11 Μ1111
111 111 Daktylen 11111 dem 11111111 11111 1111111111, 111 man
die 11111 iiber 111 111111111 111111 1111111111 dem 11111111111111111
11111111 1111111. 111 11 1111 11111 111111111 εὑρήματα 1111111,
111 1111111 111 111111111 111 1111111 11111111111111111111111111
11111111 epoche meist 111111. 11 111611 1. 1. 11. 55 111 1111111111
11111 111111 1111111 1111111111111 11 dem 161111111111,1111 wir
11111 11. 42 1111 1111 1161111111 1111111111111111111 1111111111.

Der 1111111 11111 11111111161111 111111111 11111111111 111-
111111 111 11111111 1) 1111111111111111111111111111111111, 2) 111-

, 11111111111111111111, 3) 1111111111, 4) 111111111- 111 1111111111111111.

1) Der ersten 1111111111111 ganz oder 1111111111 11 111111.
1-41), 12-152), 19-21, 15-11, 32, 40, 45, 48, 51, 52, 54, 55.
11111. 1. 11. 3.

2) 11111111111111111111111 natur sind epp. 5-8 3), 23-24 4),
28-315); 11. 64, 66, 71-73, 75. 1111 (1111111111111111111111111
11135, 41, 42, 1111111111111 111. 44, 49, 77, 111 1111111111111
11158, 61, 72, 74, 77, 11111111111111 11152, 53, 55,.62, 74.

‘—

1) 11. 2 111 11111111 quelle wie 4, 111 1111 1111111111 111111111111111111-
1111. 11. 3, 11111111 111 εὕρημα 1111111111,111111125 111 111 Atthis. 11111111
1111 1111111111111111111111, 111 111 1111111111111 111Α1111111, 11111
vom 11111111 δικαστήριον 1111111.

2) 111 111111111111 111111, dem vielleicht noch 15ff. 1111111111. 11111
1111111112.

3) 1111111111 stammeseponyme. ep. 8 nach 1111111 1111111111 problema·
1111111 1111111111.

³ 4) 111 111111111111111, 11111 sich 1111111111 1111 11 111 Atthis stand,

die 11111111 nur den 1111111111 111111, wie tagesdatum 111111111111111111·
11111Ἕλληνες. 11111. 11. 52 111111111Α111111) 1111111111.

5) Η111111111Η11111111111111 ebensowenig wie Orpheus-Eumolpos 111
111111111111111111 quelle.

 

